consts.pi = 3.14159265358979323846
consts.e = 2.718281828459045
